bulge:8.866967e-03 8.888739e+07 9.975506e-11
disk:8.125288e-03 1.370472e+08 5.928824e-11
psr event rate:7.520874e-11
