bulge:2.742698e-01 1.932658e+08 1.419133e-09
disk:4.097909e+00 1.089939e+10 3.759760e-10
psr event rate:3.941508e-10
