bulge:2.742698e-01 1.932658e+08 1.419133e-09
disk:4.256863e+00 1.103418e+10 3.857889e-10
psr event rate:4.035765e-10
