bulge:1.612974e-03 6.740812e+06 2.392848e-10
disk:1.767735e-02 6.244590e+09 2.830826e-12
psr event rate:3.085795e-12
