bulge:2.743390e-01 1.932658e+08 1.419491e-09
disk:1.945834e-01 2.446201e+108 7.954513e-110
psr event rate:1.916941e-109
