bulge:1.612974e-03 6.740812e+06 2.392848e-10
disk:7.414284e-03 1.667193e+08 4.447166e-11
psr event rate:5.204227e-11
