result =  6.421614e+03f sigma =  2.706780e-01f chisq/dof = 0.6
bd: 6.501089e-02
ms: 5.758107e-01
wd: 2.043199e-01
bh: 2.786181e-02
ns: 1.269967e-01
