vegas warm-up ==================
result =  3.923459e+01
sigma =  2.713782e+01
converging...
result =  1.880493e+05f sigma =  1.539357e+03f chisq/dof = 2.9
result =  1.875744e+05f sigma =  1.605763e+02f chisq/dof = 1.3
vegas final ==================
result =  1.875744e+05
sigma =  1.605763e+02
bd: 1.675202e-01
ms: 6.053302e-01
wd: 1.644873e-01
bh: 9.046354e-03
ns: 5.313466e-02
