bd: 1.259976e-01
ms: 4.555694e-01
wd: 1.237780e-01
bh: 6.809620e-03
ns: 2.879442e-01
