bd: 1.514068e-01
ms: 5.474864e-01
wd: 1.488289e-01
bh: 8.179465e-03
ns: 1.446240e-01
