bd: 6.859970e-02
ms: 2.480799e-01
wd: 6.742081e-02
bh: 3.705253e-03
ns: 6.121716e-01
