result =  6.421614e+03f sigma =  2.706780e-01f chisq/dof = 0.6
bd: 6.456015e-02
ms: 5.718184e-01
wd: 2.029033e-01
bh: 2.766863e-02
ns: 1.330495e-01
