bd: 6.586694e-02
ms: 2.381681e-01
wd: 6.474683e-02
bh: 3.558860e-03
ns: 6.277623e-01
