ns: 2.893950e-02
bd: 1.718170e-01
ms: 6.211474e-01
wd: 1.688138e-01
bh: 9.282349e-03
