ns: 5.693642e-02
bd: 6.556197e-02
ms: 6.209364e-01
wd: 2.214194e-01
bh: 3.514594e-02
