bulge:1.409733e+02 9.503705e+10 1.483351e-09
disk:8.558041e+01 6.255702e+10 1.368038e-09
psr event rate:1.437577e-09
