bulge:9.232227e-02 3.339386e+08 2.764648e-10
disk:2.109600e-01 1.553147e+09 1.358275e-10
psr event rate:1.607147e-10
