bulge:3.895311e+00 3.855776e+10 1.010253e-10
disk:1.163358e+00 1.226685e+10 9.483754e-11
psr event rate:9.953187e-11
