bulge:1.154886e+03 7.697198e+11 1.500398e-09
disk:7.387644e+02 5.071438e+11 1.456716e-09
psr event rate:1.483048e-09
