bulge:2.082384e-07 1.060368e+03
disk:2.614419e-01 1.362977e+09
psr event rate:1.918169e-10
