bulge:6.226410e+00 2.046526e+10 3.042429e-10
disk:1.980292e+01 4.270877e+10 4.636734e-10
psr event rate:4.120258e-10
