bulge:3.077266e+01 3.035969e+11 1.013603e-10
disk:8.602127e+00 8.730972e+10 9.852427e-11
psr event rate:1.007268e-10
