bd: 1.572535e-01
ms: 5.688296e-01
wd: 1.546215e-01
bh: 8.494699e-03
ns: 1.117754e-01
